#,Time,%Passes,Change,Test,Pass,Partial,Fail,Untested
0,Mon Mar 25 17:30:28 EDT 2019,9,9,Assignment4Suite,ContainsTest2+ EmptyTest2+ SizeTest0+ , ,ContainsTest0- ContainsTest1- EmptyTest0- EmptyTest1- FindMinMaxTest0- FindMinMaxTest1- FindMinMaxTest2- HeightTest- InsertAfterRemoveTest0- InsertAfterRemoveTest1- InsertAfterRemoveTest2- InsertTest0- InsertTest1- InsertTest2- InsertTest3- InsertTest4- InsertTest5- RemoveTest0- RemoveTest1- RemoveTest2- RemoveTest3- RemoveTest4- RemoveTest5- RemoveTest6- RemoveTest7- SizeTest1- SizeTest2- SizeTest3- , ,
1,Mon Mar 25 19:22:53 EDT 2019,9,0,Assignment4Suite,ContainsTest2 EmptyTest2 SizeTest0 , ,ContainsTest0 ContainsTest1 EmptyTest0 EmptyTest1 FindMinMaxTest0 FindMinMaxTest1 FindMinMaxTest2 HeightTest InsertAfterRemoveTest0 InsertAfterRemoveTest1 InsertAfterRemoveTest2 InsertTest0 InsertTest1 InsertTest2 InsertTest3 InsertTest4 InsertTest5 RemoveTest0 RemoveTest1 RemoveTest2 RemoveTest3 RemoveTest4 RemoveTest5 RemoveTest6 RemoveTest7 SizeTest1 SizeTest2 SizeTest3 , ,
2,Mon Mar 25 19:27:22 EDT 2019,9,0,Assignment4Suite,ContainsTest2 EmptyTest2 SizeTest0 , ,ContainsTest0 ContainsTest1 EmptyTest0 EmptyTest1 FindMinMaxTest0 FindMinMaxTest1 FindMinMaxTest2 HeightTest InsertAfterRemoveTest0 InsertAfterRemoveTest1 InsertAfterRemoveTest2 InsertTest0 InsertTest1 InsertTest2 InsertTest3 InsertTest4 InsertTest5 RemoveTest0 RemoveTest1 RemoveTest2 RemoveTest3 RemoveTest4 RemoveTest5 RemoveTest6 RemoveTest7 SizeTest1 SizeTest2 SizeTest3 , ,
3,Mon Mar 25 19:34:34 EDT 2019,9,0,Assignment4Suite,ContainsTest2 EmptyTest2 SizeTest0 , ,ContainsTest0 ContainsTest1 EmptyTest0 EmptyTest1 FindMinMaxTest0 FindMinMaxTest1 FindMinMaxTest2 HeightTest InsertAfterRemoveTest0 InsertAfterRemoveTest1 InsertAfterRemoveTest2 InsertTest0 InsertTest1 InsertTest2 InsertTest3 InsertTest4 InsertTest5 RemoveTest0 RemoveTest1 RemoveTest2 RemoveTest3 RemoveTest4 RemoveTest5 RemoveTest6 RemoveTest7 SizeTest1 SizeTest2 SizeTest3 , ,
4,Mon Mar 25 19:39:11 EDT 2019,3,-6,Assignment4Suite,SizeTest0 , ,ContainsTest0 ContainsTest1 ContainsTest2- EmptyTest0 EmptyTest1 EmptyTest2- FindMinMaxTest0 FindMinMaxTest1 FindMinMaxTest2 HeightTest InsertAfterRemoveTest0 InsertAfterRemoveTest1 InsertAfterRemoveTest2 InsertTest0 InsertTest1 InsertTest2 InsertTest3 InsertTest4 InsertTest5 RemoveTest0 RemoveTest1 RemoveTest2 RemoveTest3 RemoveTest4 RemoveTest5 RemoveTest6 RemoveTest7 SizeTest1 SizeTest2 SizeTest3 , ,
5,Mon Mar 25 19:44:23 EDT 2019,3,0,Assignment4Suite,SizeTest0 , ,ContainsTest0 ContainsTest1 ContainsTest2 EmptyTest0 EmptyTest1 EmptyTest2 FindMinMaxTest0 FindMinMaxTest1 FindMinMaxTest2 HeightTest InsertAfterRemoveTest0 InsertAfterRemoveTest1 InsertAfterRemoveTest2 InsertTest0 InsertTest1 InsertTest2 InsertTest3 InsertTest4 InsertTest5 RemoveTest0 RemoveTest1 RemoveTest2 RemoveTest3 RemoveTest4 RemoveTest5 RemoveTest6 RemoveTest7 SizeTest1 SizeTest2 SizeTest3 , ,
6,Mon Mar 25 19:45:01 EDT 2019,9,6,Assignment4Suite,EmptyTest0+ InsertAfterRemoveTest0+ SizeTest0 , ,ContainsTest0 ContainsTest1 ContainsTest2 EmptyTest1 EmptyTest2 FindMinMaxTest0 FindMinMaxTest1 FindMinMaxTest2 HeightTest InsertAfterRemoveTest1 InsertAfterRemoveTest2 InsertTest0 InsertTest1 InsertTest2 InsertTest3 InsertTest4 InsertTest5 RemoveTest0 RemoveTest1 RemoveTest2 RemoveTest3 RemoveTest4 RemoveTest5 RemoveTest6 RemoveTest7 SizeTest1 SizeTest2 SizeTest3 , ,
7,Mon Mar 25 19:45:49 EDT 2019,9,0,Assignment4Suite,EmptyTest0 InsertAfterRemoveTest0 SizeTest0 , ,ContainsTest0 ContainsTest1 ContainsTest2 EmptyTest1 EmptyTest2 FindMinMaxTest0 FindMinMaxTest1 FindMinMaxTest2 HeightTest InsertAfterRemoveTest1 InsertAfterRemoveTest2 InsertTest0 InsertTest1 InsertTest2 InsertTest3 InsertTest4 InsertTest5 RemoveTest0 RemoveTest1 RemoveTest2 RemoveTest3 RemoveTest4 RemoveTest5 RemoveTest6 RemoveTest7 SizeTest1 SizeTest2 SizeTest3 , ,
8,Mon Mar 25 19:46:05 EDT 2019,9,0,Assignment4Suite,EmptyTest0 InsertAfterRemoveTest0 SizeTest0 , ,ContainsTest0 ContainsTest1 ContainsTest2 EmptyTest1 EmptyTest2 FindMinMaxTest0 FindMinMaxTest1 FindMinMaxTest2 HeightTest InsertAfterRemoveTest1 InsertAfterRemoveTest2 InsertTest0 InsertTest1 InsertTest2 InsertTest3 InsertTest4 InsertTest5 RemoveTest0 RemoveTest1 RemoveTest2 RemoveTest3 RemoveTest4 RemoveTest5 RemoveTest6 RemoveTest7 SizeTest1 SizeTest2 SizeTest3 , ,
9,Mon Mar 25 19:46:45 EDT 2019,9,0,Assignment4Suite,EmptyTest0 InsertAfterRemoveTest0 SizeTest0 , ,ContainsTest0 ContainsTest1 ContainsTest2 EmptyTest1 EmptyTest2 FindMinMaxTest0 FindMinMaxTest1 FindMinMaxTest2 HeightTest InsertAfterRemoveTest1 InsertAfterRemoveTest2 InsertTest0 InsertTest1 InsertTest2 InsertTest3 InsertTest4 InsertTest5 RemoveTest0 RemoveTest1 RemoveTest2 RemoveTest3 RemoveTest4 RemoveTest5 RemoveTest6 RemoveTest7 SizeTest1 SizeTest2 SizeTest3 , ,
10,Mon Mar 25 19:47:58 EDT 2019,9,0,Assignment4Suite,EmptyTest0 InsertAfterRemoveTest0 SizeTest0 , ,ContainsTest0 ContainsTest1 ContainsTest2 EmptyTest1 EmptyTest2 FindMinMaxTest0 FindMinMaxTest1 FindMinMaxTest2 HeightTest InsertAfterRemoveTest1 InsertAfterRemoveTest2 InsertTest0 InsertTest1 InsertTest2 InsertTest3 InsertTest4 InsertTest5 RemoveTest0 RemoveTest1 RemoveTest2 RemoveTest3 RemoveTest4 RemoveTest5 RemoveTest6 RemoveTest7 SizeTest1 SizeTest2 SizeTest3 , ,
11,Mon Mar 25 21:10:22 EDT 2019,16,7,Assignment4Suite,EmptyTest0 FindMinMaxTest0+ InsertAfterRemoveTest0 SizeTest0 SizeTest3+ , ,ContainsTest0 ContainsTest1 ContainsTest2 EmptyTest1 EmptyTest2 FindMinMaxTest1 FindMinMaxTest2 HeightTest InsertAfterRemoveTest1 InsertAfterRemoveTest2 InsertTest0 InsertTest1 InsertTest2 InsertTest3 InsertTest4 InsertTest5 RemoveTest0 RemoveTest1 RemoveTest2 RemoveTest3 RemoveTest4 RemoveTest5 RemoveTest6 RemoveTest7 SizeTest1 SizeTest2 , ,
12,Mon Mar 25 21:10:52 EDT 2019,77,61,Assignment4Suite,ContainsTest0+ ContainsTest2+ EmptyTest0 EmptyTest1+ EmptyTest2+ FindMinMaxTest0 FindMinMaxTest1+ FindMinMaxTest2+ HeightTest+ InsertAfterRemoveTest0 InsertAfterRemoveTest1+ InsertAfterRemoveTest2+ InsertTest0+ InsertTest1+ InsertTest2+ InsertTest3+ InsertTest4+ InsertTest5+ RemoveTest1+ RemoveTest6+ SizeTest0 SizeTest1+ SizeTest2+ SizeTest3 , ,ContainsTest1 RemoveTest0 RemoveTest2 RemoveTest3 RemoveTest4 RemoveTest5 RemoveTest7 , ,
13,Mon Mar 25 21:14:35 EDT 2019,77,0,Assignment4Suite,ContainsTest0 ContainsTest2 EmptyTest0 EmptyTest1 EmptyTest2 FindMinMaxTest0 FindMinMaxTest1 FindMinMaxTest2 HeightTest InsertAfterRemoveTest0 InsertAfterRemoveTest1 InsertAfterRemoveTest2 InsertTest0 InsertTest1 InsertTest2 InsertTest3 InsertTest4 InsertTest5 RemoveTest1 RemoveTest6 SizeTest0 SizeTest1 SizeTest2 SizeTest3 , ,ContainsTest1 RemoveTest0 RemoveTest2 RemoveTest3 RemoveTest4 RemoveTest5 RemoveTest7 , ,
14,Mon Mar 25 21:14:52 EDT 2019,77,0,Assignment4Suite,ContainsTest0 ContainsTest2 EmptyTest0 EmptyTest1 EmptyTest2 FindMinMaxTest0 FindMinMaxTest1 FindMinMaxTest2 HeightTest InsertAfterRemoveTest0 InsertAfterRemoveTest1 InsertAfterRemoveTest2 InsertTest0 InsertTest1 InsertTest2 InsertTest3 InsertTest4 InsertTest5 RemoveTest1 RemoveTest6 SizeTest0 SizeTest1 SizeTest2 SizeTest3 , ,ContainsTest1 RemoveTest0 RemoveTest2 RemoveTest3 RemoveTest4 RemoveTest5 RemoveTest7 , ,
15,Mon Mar 25 21:17:46 EDT 2019,96,19,Assignment4Suite,ContainsTest0 ContainsTest1+ ContainsTest2 EmptyTest0 EmptyTest1 EmptyTest2 FindMinMaxTest0 FindMinMaxTest1 FindMinMaxTest2 HeightTest InsertAfterRemoveTest0 InsertAfterRemoveTest1 InsertAfterRemoveTest2 InsertTest0 InsertTest1 InsertTest2 InsertTest3 InsertTest4 InsertTest5 RemoveTest0+ RemoveTest1 RemoveTest2+ RemoveTest3+ RemoveTest4+ RemoveTest5+ RemoveTest6 SizeTest0 SizeTest1 SizeTest2 SizeTest3 , ,RemoveTest7 , ,
16,Mon Mar 25 21:19:06 EDT 2019,96,0,Assignment4Suite,ContainsTest0 ContainsTest1 ContainsTest2 EmptyTest0 EmptyTest1 EmptyTest2 FindMinMaxTest0 FindMinMaxTest1 FindMinMaxTest2 HeightTest InsertAfterRemoveTest0 InsertAfterRemoveTest1 InsertAfterRemoveTest2 InsertTest0 InsertTest1 InsertTest2 InsertTest3 InsertTest4 InsertTest5 RemoveTest0 RemoveTest1 RemoveTest2 RemoveTest3 RemoveTest4 RemoveTest5 RemoveTest6 SizeTest0 SizeTest1 SizeTest2 SizeTest3 , ,RemoveTest7 , ,
17,Mon Mar 25 21:19:43 EDT 2019,96,0,Assignment4Suite,ContainsTest0 ContainsTest1 ContainsTest2 EmptyTest0 EmptyTest1 EmptyTest2 FindMinMaxTest0 FindMinMaxTest1 FindMinMaxTest2 HeightTest InsertAfterRemoveTest0 InsertAfterRemoveTest1 InsertAfterRemoveTest2 InsertTest0 InsertTest1 InsertTest2 InsertTest3 InsertTest4 InsertTest5 RemoveTest0 RemoveTest1 RemoveTest2 RemoveTest3 RemoveTest4 RemoveTest5 RemoveTest6 SizeTest0 SizeTest1 SizeTest2 SizeTest3 , ,RemoveTest7 , ,
18,Mon Mar 25 21:20:11 EDT 2019,96,0,Assignment4Suite,ContainsTest0 ContainsTest1 ContainsTest2 EmptyTest0 EmptyTest1 EmptyTest2 FindMinMaxTest0 FindMinMaxTest1 FindMinMaxTest2 HeightTest InsertAfterRemoveTest0 InsertAfterRemoveTest1 InsertAfterRemoveTest2 InsertTest0 InsertTest1 InsertTest2 InsertTest3 InsertTest4 InsertTest5 RemoveTest0 RemoveTest1 RemoveTest2 RemoveTest3 RemoveTest4 RemoveTest5 RemoveTest6 SizeTest0 SizeTest1 SizeTest2 SizeTest3 , ,RemoveTest7 , ,
19,Mon Mar 25 21:20:42 EDT 2019,96,0,Assignment4Suite,ContainsTest0 ContainsTest1 ContainsTest2 EmptyTest0 EmptyTest1 EmptyTest2 FindMinMaxTest0 FindMinMaxTest1 FindMinMaxTest2 HeightTest InsertAfterRemoveTest0 InsertAfterRemoveTest1 InsertAfterRemoveTest2 InsertTest0 InsertTest1 InsertTest2 InsertTest3 InsertTest4 InsertTest5 RemoveTest0 RemoveTest1 RemoveTest2 RemoveTest3 RemoveTest4 RemoveTest5 RemoveTest6 SizeTest0 SizeTest1 SizeTest2 SizeTest3 , ,RemoveTest7 , ,
20,Mon Mar 25 21:22:20 EDT 2019,96,0,Assignment4Suite,ContainsTest0 ContainsTest1 ContainsTest2 EmptyTest0 EmptyTest1 EmptyTest2 FindMinMaxTest0 FindMinMaxTest1 FindMinMaxTest2 HeightTest InsertAfterRemoveTest0 InsertAfterRemoveTest1 InsertAfterRemoveTest2 InsertTest0 InsertTest1 InsertTest2 InsertTest3 InsertTest4 InsertTest5 RemoveTest0 RemoveTest1 RemoveTest2 RemoveTest3 RemoveTest4 RemoveTest5 RemoveTest6 SizeTest0 SizeTest1 SizeTest2 SizeTest3 , ,RemoveTest7 , ,
21,Mon Mar 25 21:32:58 EDT 2019,96,0,Assignment4Suite,ContainsTest0 ContainsTest1 ContainsTest2 EmptyTest0 EmptyTest1 EmptyTest2 FindMinMaxTest0 FindMinMaxTest1 FindMinMaxTest2 HeightTest InsertAfterRemoveTest0 InsertAfterRemoveTest1 InsertAfterRemoveTest2 InsertTest0 InsertTest1 InsertTest2 InsertTest3 InsertTest4 InsertTest5 RemoveTest0 RemoveTest1 RemoveTest2 RemoveTest3 RemoveTest4 RemoveTest5 RemoveTest6 SizeTest0 SizeTest1 SizeTest2 SizeTest3 , ,RemoveTest7 , ,
22,Mon Mar 25 21:48:08 EDT 2019,96,0,Assignment4Suite,ContainsTest0 ContainsTest1 ContainsTest2 EmptyTest0 EmptyTest1 EmptyTest2 FindMinMaxTest0 FindMinMaxTest1 FindMinMaxTest2 HeightTest InsertAfterRemoveTest0 InsertAfterRemoveTest1 InsertAfterRemoveTest2 InsertTest0 InsertTest1 InsertTest2 InsertTest3 InsertTest4 InsertTest5 RemoveTest0 RemoveTest1 RemoveTest2 RemoveTest3 RemoveTest4 RemoveTest5 RemoveTest6 SizeTest0 SizeTest1 SizeTest2 SizeTest3 , ,RemoveTest7 , ,
23,Mon Mar 25 21:50:03 EDT 2019,90,-6,Assignment4Suite,ContainsTest0 ContainsTest1 ContainsTest2 EmptyTest0 EmptyTest2 FindMinMaxTest0 FindMinMaxTest1 FindMinMaxTest2 HeightTest InsertAfterRemoveTest1 InsertAfterRemoveTest2 InsertTest0 InsertTest1 InsertTest2 InsertTest3 InsertTest4 InsertTest5 RemoveTest0 RemoveTest1 RemoveTest2 RemoveTest3 RemoveTest4 RemoveTest5 RemoveTest6 SizeTest0 SizeTest1 SizeTest2 SizeTest3 , ,EmptyTest1- InsertAfterRemoveTest0- RemoveTest7 , ,
24,Mon Mar 25 21:55:13 EDT 2019,96,6,Assignment4Suite,ContainsTest0 ContainsTest1 ContainsTest2 EmptyTest0 EmptyTest1+ EmptyTest2 FindMinMaxTest0 FindMinMaxTest1 FindMinMaxTest2 HeightTest InsertAfterRemoveTest0+ InsertAfterRemoveTest1 InsertAfterRemoveTest2 InsertTest0 InsertTest1 InsertTest2 InsertTest3 InsertTest4 InsertTest5 RemoveTest0 RemoveTest1 RemoveTest2 RemoveTest3 RemoveTest4 RemoveTest5 RemoveTest6 SizeTest0 SizeTest1 SizeTest2 SizeTest3 , ,RemoveTest7 , ,
25,Tue Mar 26 13:02:11 EDT 2019,77,-19,Assignment4Suite,ContainsTest0 ContainsTest2 EmptyTest0 EmptyTest1 EmptyTest2 FindMinMaxTest0 FindMinMaxTest1 FindMinMaxTest2 HeightTest InsertAfterRemoveTest0 InsertAfterRemoveTest1 InsertAfterRemoveTest2 InsertTest0 InsertTest1 InsertTest2 InsertTest3 InsertTest4 InsertTest5 RemoveTest1 RemoveTest6 SizeTest0 SizeTest1 SizeTest2 SizeTest3 , ,ContainsTest1- RemoveTest0- RemoveTest2- RemoveTest3- RemoveTest4- RemoveTest5- RemoveTest7 , ,
26,Tue Mar 26 14:04:58 EDT 2019,100,23,Assignment4Suite,ContainsTest0 ContainsTest1+ ContainsTest2 EmptyTest0 EmptyTest1 EmptyTest2 FindMinMaxTest0 FindMinMaxTest1 FindMinMaxTest2 HeightTest InsertAfterRemoveTest0 InsertAfterRemoveTest1 InsertAfterRemoveTest2 InsertTest0 InsertTest1 InsertTest2 InsertTest3 InsertTest4 InsertTest5 RemoveTest0+ RemoveTest1 RemoveTest2+ RemoveTest3+ RemoveTest4+ RemoveTest5+ RemoveTest6 RemoveTest7+ SizeTest0 SizeTest1 SizeTest2 SizeTest3 , , , ,
27,Tue Mar 26 14:07:13 EDT 2019,100,0,Assignment4Suite,ContainsTest0 ContainsTest1 ContainsTest2 EmptyTest0 EmptyTest1 EmptyTest2 FindMinMaxTest0 FindMinMaxTest1 FindMinMaxTest2 HeightTest InsertAfterRemoveTest0 InsertAfterRemoveTest1 InsertAfterRemoveTest2 InsertTest0 InsertTest1 InsertTest2 InsertTest3 InsertTest4 InsertTest5 RemoveTest0 RemoveTest1 RemoveTest2 RemoveTest3 RemoveTest4 RemoveTest5 RemoveTest6 RemoveTest7 SizeTest0 SizeTest1 SizeTest2 SizeTest3 , , , ,
28,Tue Mar 26 14:07:23 EDT 2019,100,0,Assignment4Suite,ContainsTest0 ContainsTest1 ContainsTest2 EmptyTest0 EmptyTest1 EmptyTest2 FindMinMaxTest0 FindMinMaxTest1 FindMinMaxTest2 HeightTest InsertAfterRemoveTest0 InsertAfterRemoveTest1 InsertAfterRemoveTest2 InsertTest0 InsertTest1 InsertTest2 InsertTest3 InsertTest4 InsertTest5 RemoveTest0 RemoveTest1 RemoveTest2 RemoveTest3 RemoveTest4 RemoveTest5 RemoveTest6 RemoveTest7 SizeTest0 SizeTest1 SizeTest2 SizeTest3 , , , ,
29,Tue Mar 26 14:07:34 EDT 2019,100,0,Assignment4Suite,ContainsTest0 ContainsTest1 ContainsTest2 EmptyTest0 EmptyTest1 EmptyTest2 FindMinMaxTest0 FindMinMaxTest1 FindMinMaxTest2 HeightTest InsertAfterRemoveTest0 InsertAfterRemoveTest1 InsertAfterRemoveTest2 InsertTest0 InsertTest1 InsertTest2 InsertTest3 InsertTest4 InsertTest5 RemoveTest0 RemoveTest1 RemoveTest2 RemoveTest3 RemoveTest4 RemoveTest5 RemoveTest6 RemoveTest7 SizeTest0 SizeTest1 SizeTest2 SizeTest3 , , , ,
30,Tue Mar 26 14:07:45 EDT 2019,100,0,Assignment4Suite,ContainsTest0 ContainsTest1 ContainsTest2 EmptyTest0 EmptyTest1 EmptyTest2 FindMinMaxTest0 FindMinMaxTest1 FindMinMaxTest2 HeightTest InsertAfterRemoveTest0 InsertAfterRemoveTest1 InsertAfterRemoveTest2 InsertTest0 InsertTest1 InsertTest2 InsertTest3 InsertTest4 InsertTest5 RemoveTest0 RemoveTest1 RemoveTest2 RemoveTest3 RemoveTest4 RemoveTest5 RemoveTest6 RemoveTest7 SizeTest0 SizeTest1 SizeTest2 SizeTest3 , , , ,
31,Wed Mar 27 13:46:07 EDT 2019,100,0,Assignment4Suite,ContainsTest0 ContainsTest1 ContainsTest2 EmptyTest0 EmptyTest1 EmptyTest2 FindMinMaxTest0 FindMinMaxTest1 FindMinMaxTest2 HeightTest InsertAfterRemoveTest0 InsertAfterRemoveTest1 InsertAfterRemoveTest2 InsertTest0 InsertTest1 InsertTest2 InsertTest3 InsertTest4 InsertTest5 RemoveTest0 RemoveTest1 RemoveTest2 RemoveTest3 RemoveTest4 RemoveTest5 RemoveTest6 RemoveTest7 SizeTest0 SizeTest1 SizeTest2 SizeTest3 , , , ,
32,Thu Mar 28 14:52:31 EDT 2019,45,-55,Assignment4Suite,ContainsTest2 EmptyTest0 EmptyTest2 FindMinMaxTest0 FindMinMaxTest1 HeightTest InsertAfterRemoveTest0 InsertTest0 InsertTest5 RemoveTest0 SizeTest0 SizeTest1 SizeTest2 SizeTest3 , ,ContainsTest0- ContainsTest1- EmptyTest1- FindMinMaxTest2- InsertAfterRemoveTest1- InsertAfterRemoveTest2- InsertTest1- InsertTest2- InsertTest3- InsertTest4- RemoveTest1- RemoveTest2- RemoveTest3- RemoveTest4- RemoveTest5- RemoveTest6- RemoveTest7- , ,
33,Thu Mar 28 14:53:49 EDT 2019,45,0,Assignment4Suite,ContainsTest2 EmptyTest0 EmptyTest2 FindMinMaxTest0 FindMinMaxTest1 HeightTest InsertAfterRemoveTest0 InsertTest0 InsertTest5 RemoveTest0 SizeTest0 SizeTest1 SizeTest2 SizeTest3 , ,ContainsTest0 ContainsTest1 EmptyTest1 FindMinMaxTest2 InsertAfterRemoveTest1 InsertAfterRemoveTest2 InsertTest1 InsertTest2 InsertTest3 InsertTest4 RemoveTest1 RemoveTest2 RemoveTest3 RemoveTest4 RemoveTest5 RemoveTest6 RemoveTest7 , ,
34,Thu Mar 28 15:56:28 EDT 2019,100,55,Assignment4Suite,ContainsTest0+ ContainsTest1+ ContainsTest2 EmptyTest0 EmptyTest1+ EmptyTest2 FindMinMaxTest0 FindMinMaxTest1 FindMinMaxTest2+ HeightTest InsertAfterRemoveTest0 InsertAfterRemoveTest1+ InsertAfterRemoveTest2+ InsertTest0 InsertTest1+ InsertTest2+ InsertTest3+ InsertTest4+ InsertTest5 RemoveTest0 RemoveTest1+ RemoveTest2+ RemoveTest3+ RemoveTest4+ RemoveTest5+ RemoveTest6+ RemoveTest7+ SizeTest0 SizeTest1 SizeTest2 SizeTest3 , , , ,
35,Thu Mar 28 16:02:45 EDT 2019,54,-46,Assignment4Suite,ContainsTest2 EmptyTest0 EmptyTest2 FindMinMaxTest0 FindMinMaxTest1 HeightTest InsertAfterRemoveTest0 InsertAfterRemoveTest1 InsertTest0 InsertTest5 RemoveTest0 RemoveTest1 RemoveTest7 SizeTest0 SizeTest1 SizeTest2 SizeTest3 , ,ContainsTest0- ContainsTest1- EmptyTest1- FindMinMaxTest2- InsertAfterRemoveTest2- InsertTest1- InsertTest2- InsertTest3- InsertTest4- RemoveTest2- RemoveTest3- RemoveTest4- RemoveTest5- RemoveTest6- , ,
36,Thu Mar 28 16:06:13 EDT 2019,16,-38,Assignment4Suite,EmptyTest0 FindMinMaxTest0 InsertAfterRemoveTest0 SizeTest0 SizeTest3 , ,ContainsTest0 ContainsTest1 ContainsTest2- EmptyTest1 EmptyTest2- FindMinMaxTest1- FindMinMaxTest2 HeightTest- InsertAfterRemoveTest1- InsertAfterRemoveTest2 InsertTest0- InsertTest1 InsertTest2 InsertTest3 InsertTest4 InsertTest5- RemoveTest0- RemoveTest1- RemoveTest2 RemoveTest3 RemoveTest4 RemoveTest5 RemoveTest6 RemoveTest7- SizeTest1- SizeTest2- , ,
37,Thu Mar 28 16:07:47 EDT 2019,16,0,Assignment4Suite,EmptyTest0 FindMinMaxTest0 InsertAfterRemoveTest0 SizeTest0 SizeTest3 , ,ContainsTest0 ContainsTest1 ContainsTest2 EmptyTest1 EmptyTest2 FindMinMaxTest1 FindMinMaxTest2 HeightTest InsertAfterRemoveTest1 InsertAfterRemoveTest2 InsertTest0 InsertTest1 InsertTest2 InsertTest3 InsertTest4 InsertTest5 RemoveTest0 RemoveTest1 RemoveTest2 RemoveTest3 RemoveTest4 RemoveTest5 RemoveTest6 RemoveTest7 SizeTest1 SizeTest2 , ,
38,Thu Mar 28 16:08:32 EDT 2019,100,84,Assignment4Suite,ContainsTest0+ ContainsTest1+ ContainsTest2+ EmptyTest0 EmptyTest1+ EmptyTest2+ FindMinMaxTest0 FindMinMaxTest1+ FindMinMaxTest2+ HeightTest+ InsertAfterRemoveTest0 InsertAfterRemoveTest1+ InsertAfterRemoveTest2+ InsertTest0+ InsertTest1+ InsertTest2+ InsertTest3+ InsertTest4+ InsertTest5+ RemoveTest0+ RemoveTest1+ RemoveTest2+ RemoveTest3+ RemoveTest4+ RemoveTest5+ RemoveTest6+ RemoveTest7+ SizeTest0 SizeTest1+ SizeTest2+ SizeTest3 , , , ,
39,Thu Mar 28 16:10:26 EDT 2019,100,0,Assignment4Suite,ContainsTest0 ContainsTest1 ContainsTest2 EmptyTest0 EmptyTest1 EmptyTest2 FindMinMaxTest0 FindMinMaxTest1 FindMinMaxTest2 HeightTest InsertAfterRemoveTest0 InsertAfterRemoveTest1 InsertAfterRemoveTest2 InsertTest0 InsertTest1 InsertTest2 InsertTest3 InsertTest4 InsertTest5 RemoveTest0 RemoveTest1 RemoveTest2 RemoveTest3 RemoveTest4 RemoveTest5 RemoveTest6 RemoveTest7 SizeTest0 SizeTest1 SizeTest2 SizeTest3 , , , ,
40,Thu Mar 28 16:10:39 EDT 2019,100,0,Assignment4Suite,ContainsTest0 ContainsTest1 ContainsTest2 EmptyTest0 EmptyTest1 EmptyTest2 FindMinMaxTest0 FindMinMaxTest1 FindMinMaxTest2 HeightTest InsertAfterRemoveTest0 InsertAfterRemoveTest1 InsertAfterRemoveTest2 InsertTest0 InsertTest1 InsertTest2 InsertTest3 InsertTest4 InsertTest5 RemoveTest0 RemoveTest1 RemoveTest2 RemoveTest3 RemoveTest4 RemoveTest5 RemoveTest6 RemoveTest7 SizeTest0 SizeTest1 SizeTest2 SizeTest3 , , , ,
41,Wed Apr 17 18:17:29 EDT 2019,100,0,Assignment4Suite,ContainsTest0 ContainsTest1 ContainsTest2 EmptyTest0 EmptyTest1 EmptyTest2 FindMinMaxTest0 FindMinMaxTest1 FindMinMaxTest2 HeightTest InsertAfterRemoveTest0 InsertAfterRemoveTest1 InsertAfterRemoveTest2 InsertTest0 InsertTest1 InsertTest2 InsertTest3 InsertTest4 InsertTest5 RemoveTest0 RemoveTest1 RemoveTest2 RemoveTest3 RemoveTest4 RemoveTest5 RemoveTest6 RemoveTest7 SizeTest0 SizeTest1 SizeTest2 SizeTest3 , , , ,
42,Wed Apr 17 18:20:07 EDT 2019,100,0,Assignment4Suite,ContainsTest0 ContainsTest1 ContainsTest2 EmptyTest0 EmptyTest1 EmptyTest2 FindMinMaxTest0 FindMinMaxTest1 FindMinMaxTest2 HeightTest InsertAfterRemoveTest0 InsertAfterRemoveTest1 InsertAfterRemoveTest2 InsertTest0 InsertTest1 InsertTest2 InsertTest3 InsertTest4 InsertTest5 RemoveTest0 RemoveTest1 RemoveTest2 RemoveTest3 RemoveTest4 RemoveTest5 RemoveTest6 RemoveTest7 SizeTest0 SizeTest1 SizeTest2 SizeTest3 , , , ,
43,Wed Apr 17 18:36:25 EDT 2019,100,0,Assignment4Suite,ContainsTest0 ContainsTest1 ContainsTest2 EmptyTest0 EmptyTest1 EmptyTest2 FindMinMaxTest0 FindMinMaxTest1 FindMinMaxTest2 HeightTest InsertAfterRemoveTest0 InsertAfterRemoveTest1 InsertAfterRemoveTest2 InsertTest0 InsertTest1 InsertTest2 InsertTest3 InsertTest4 InsertTest5 RemoveTest0 RemoveTest1 RemoveTest2 RemoveTest3 RemoveTest4 RemoveTest5 RemoveTest6 RemoveTest7 SizeTest0 SizeTest1 SizeTest2 SizeTest3 , , , ,
